100
1 1.078471
2 3.604386
3 4.964063
4 2.833961
5 0.020901
6 0.180807
7 2.736669
8 4.617714
9 2.289728
10 0.775658
11 2.266457
12 3.91112
13 3.703702
14 2.545944
15 2.336922
16 4.857308
17 1.800109
18 3.525453
19 4.058227
20 1.281314
21 4.880326
22 1.352827
23 3.253157
24 2.389849
25 2.114351
26 3.168973
27 2.949869
28 3.344261
29 4.920089
30 4.865894
31 3.584708
32 3.458828
33 4.945825
34 1.73737
35 3.674554
36 3.93196
37 0.034751
38 1.639796
39 3.125024
40 1.228437
41 3.965412
42 3.035446
43 2.308135
44 0.739862
45 3.546347
46 1.792782
47 0.583394
48 4.04166
49 1.630151
50 2.656915
51 3.015449
52 0.712799
53 0.71263
54 2.691534
55 1.828516
56 0.203817
57 4.236047
58 3.310565
59 2.254696
60 3.935502
61 4.339036
62 4.358287
63 4.205337
64 2.630936
65 2.235032
66 4.920946
67 1.900017
68 1.664441
69 2.379711
70 1.537015
71 1.70803
72 4.929884
73 2.15776
74 0.358858
75 1.926946
76 2.755935
77 0.610025
78 1.762718
79 0.679676
80 0.735962
81 2.191952
82 2.329729
83 0.146247
84 0.894817
85 4.239147
86 1.966307
87 0.753142
88 0.423731
89 0.58027
90 4.90211
91 0.968708
92 2.708682
93 2.023615
94 0.117323
95 0.947886
96 3.628096
97 4.522189
98 4.39383
99 2.336789
100 4.064598
